reference frame pattern: predicted.json (54 events per 344 cycles)
   idle-base-1: SAME      frames 580/580 identical, events 31396, jitter p-p 0 cycles, cycles from clock
 loaded-base-1: SAME      frames 580/580 identical, events 31396, jitter p-p 0 cycles, cycles from clock
 loaded-base-2: SAME      frames 580/580 identical, events 31397, jitter p-p 0 cycles, cycles from clock
 loaded-base-3: SAME      frames 580/580 identical, events 31400, jitter p-p 0 cycles, cycles from clock
loaded-engine-fetch-1: DIFFERENT frames 0/0 identical, events 60, jitter p-p None cycles, cycles from clock; no complete frame
idle-host-fetch-1: DIFFERENT frames 0/0 identical, events 0, jitter p-p None cycles, cycles from clock; no complete frame
loaded-host-fetch-1: DIFFERENT frames 0/0 identical, events 0, jitter p-p None cycles, cycles from clock; no complete frame
idle-timer-engine-1: SAME      frames 580/580 identical, events 31396, jitter p-p 0 cycles, cycles from clock
loaded-timer-engine-1: DIFFERENT frames 52/413 identical, events 22412, jitter p-p 319 cycles, cycles from clock; departs from the periodic schedule; 361 frames differ
idle-timer-host-1: SAME      frames 580/580 identical, events 31396, jitter p-p 0 cycles, cycles from clock
loaded-timer-host-1: DIFFERENT frames 0/376 identical, events 20395, jitter p-p 165 cycles, cycles from clock; departs from the periodic schedule; 376 frames differ

interval histograms, counts per frame (cycles)
  probe6 high: idle-base-1 | loaded-base-1 | loaded-base-2 | loaded-base-3 | loaded-engine-fetch-1 | idle-host-fetch-1 | loaded-host-fetch-1 | idle-timer-engine-1 | loaded-timer-engine-1 | idle-timer-host-1 | loaded-timer-host-1
         7                16 |         16 |         16 |         16 |         16 |          0 |          0 |         16 |         16 |         16 |         16
        12                 1 |          1 |          1 |          1 |          2 |          0 |          0 |          1 |      0.872 |          1 |      0.027
        17                 0 |          0 |          0 |          0 |          0 |          0 |          0 |          0 |          0 |          0 |      0.059
        18                 0 |          0 |          0 |          0 |          0 |          0 |          0 |          0 |          0 |          0 |      0.011
        20                 0 |          0 |          0 |          0 |          0 |          0 |          0 |          0 |          0 |          0 |      0.061
        21                 0 |          0 |          0 |          0 |          0 |          0 |          0 |          0 |          0 |          0 |      0.011
        23                 0 |          0 |          0 |          0 |          0 |          0 |          0 |          0 |          0 |          0 |      0.008
        25                 0 |          0 |          0 |          0 |          0 |          0 |          0 |          0 |          0 |          0 |      0.064
        26                 0 |          0 |          0 |          0 |          0 |          0 |          0 |          0 |          0 |          0 |      0.048
        27                 0 |          0 |          0 |          0 |          0 |          0 |          0 |          0 |          0 |          0 |      0.024
        28                 0 |          0 |          0 |          0 |          0 |          0 |          0 |          0 |          0 |          0 |      0.269
        29                 0 |          0 |          0 |          0 |          0 |          0 |          0 |          0 |          0 |          0 |      0.016
        30                 0 |          0 |          0 |          0 |          0 |          0 |          0 |          0 |          0 |          0 |      0.008
        31                 0 |          0 |          0 |          0 |          0 |          0 |          0 |          0 |          0 |          0 |      0.005
        33                 0 |          0 |          0 |          0 |          0 |          0 |          0 |          0 |          0 |          0 |      0.019
        34                 0 |          0 |          0 |          0 |          0 |          0 |          0 |          0 |          0 |          0 |      0.021
        35                 0 |          0 |          0 |          0 |          0 |          0 |          0 |          0 |          0 |          0 |      0.013
        36                 0 |          0 |          0 |          0 |          0 |          0 |          0 |          0 |          0 |          0 |      0.064
        37                 0 |          0 |          0 |          0 |          0 |          0 |          0 |          0 |          0 |          0 |      0.024
        38                 0 |          0 |          0 |          0 |          0 |          0 |          0 |          0 |          0 |          0 |      0.008
        39                 0 |          0 |          0 |          0 |          0 |          0 |          0 |          0 |          0 |          0 |      0.013
        40                 0 |          0 |          0 |          0 |          0 |          0 |          0 |          0 |          0 |          0 |      0.005
        41                 0 |          0 |          0 |          0 |          0 |          0 |          0 |          0 |          0 |          0 |      0.013
        42                 0 |          0 |          0 |          0 |          0 |          0 |          0 |          0 |          0 |          0 |      0.003
        43                 0 |          0 |          0 |          0 |          0 |          0 |          0 |          0 |          0 |          0 |      0.003
        44                 0 |          0 |          0 |          0 |          0 |          0 |          0 |          0 |          0 |          0 |      0.011
        45                 0 |          0 |          0 |          0 |          0 |          0 |          0 |          0 |          0 |          0 |      0.019
        46                 0 |          0 |          0 |          0 |          0 |          0 |          0 |          0 |          0 |          0 |      0.011
        47                 0 |          0 |          0 |          0 |          0 |          0 |          0 |          0 |          0 |          0 |      0.008
        48                 0 |          0 |          0 |          0 |          0 |          0 |          0 |          0 |          0 |          0 |      0.005
        49                 0 |          0 |          0 |          0 |          0 |          0 |          0 |          0 |          0 |          0 |      0.011
        50                 0 |          0 |          0 |          0 |          0 |          0 |          0 |          0 |          0 |          0 |      0.011
        51                 0 |          0 |          0 |          0 |          0 |          0 |          0 |          0 |          0 |          0 |      0.008
        52                 0 |          0 |          0 |          0 |          0 |          0 |          0 |          0 |          0 |          0 |      0.029
        53                 0 |          0 |          0 |          0 |          0 |          0 |          0 |          0 |          0 |          0 |      0.013
        54                 0 |          0 |          0 |          0 |          0 |          0 |          0 |          0 |          0 |          0 |      0.005
        55                 0 |          0 |          0 |          0 |          0 |          0 |          0 |          0 |          0 |          0 |      0.003
        57                 0 |          0 |          0 |          0 |          0 |          0 |          0 |          0 |          0 |          0 |      0.005
        58                 0 |          0 |          0 |          0 |          0 |          0 |          0 |          0 |          0 |          0 |      0.003
        59                 0 |          0 |          0 |          0 |          0 |          0 |          0 |          0 |          0 |          0 |      0.003
        60                 0 |          0 |          0 |          0 |          0 |          0 |          0 |          0 |          0 |          0 |      0.011
        61                 0 |          0 |          0 |          0 |          0 |          0 |          0 |          0 |          0 |          0 |      0.016
        62                 0 |          0 |          0 |          0 |          0 |          0 |          0 |          0 |          0 |          0 |      0.008
        63                 0 |          0 |          0 |          0 |          0 |          0 |          0 |          0 |          0 |          0 |      0.003
        67                 0 |          0 |          0 |          0 |          0 |          0 |          0 |          0 |          0 |          0 |      0.003
        68                 0 |          0 |          0 |          0 |          0 |          0 |          0 |          0 |          0 |          0 |      0.011
        69                 0 |          0 |          0 |          0 |          0 |          0 |          0 |          0 |          0 |          0 |      0.003
        73                 0 |          0 |          0 |          0 |          0 |          0 |          0 |          0 |      0.002 |          0 |          0
        74                 0 |          0 |          0 |          0 |          0 |          0 |          0 |          0 |          0 |          0 |      0.005
        76                 0 |          0 |          0 |          0 |          0 |          0 |          0 |          0 |      0.126 |          0 |      0.003
  probe6 low: idle-base-1 | loaded-base-1 | loaded-base-2 | loaded-base-3 | loaded-engine-fetch-1 | idle-host-fetch-1 | loaded-host-fetch-1 | idle-timer-engine-1 | loaded-timer-engine-1 | idle-timer-host-1 | loaded-timer-host-1
         2                 0 |          0 |          0 |          0 |          1 |          0 |          0 |          0 |          0 |          0 |          0
         7                15 |         15 |         15 |         15 |         15 |          0 |          0 |         15 |         15 |         15 |         15
        14                 0 |          0 |          0 |          0 |          1 |          0 |          0 |          0 |          0 |          0 |          0
        44                 1 |          1 |          1 |          1 |          1 |          0 |          0 |          1 |      0.252 |          1 |          0
        47                 0 |          0 |          0 |          0 |          0 |          0 |          0 |          0 |      0.123 |          0 |          0
        68                 0 |          0 |          0 |          0 |          0 |          0 |          0 |          0 |          0 |          0 |      0.005
        71                 1 |          1 |          1 |          1 |          1 |          0 |          0 |          1 |      0.380 |          1 |      0.003
        74                 0 |          0 |          0 |          0 |          0 |          0 |          0 |          0 |          0 |          0 |      0.003
        76                 0 |          0 |          0 |          0 |          0 |          0 |          0 |          0 |          0 |          0 |      0.003
        77                 0 |          0 |          0 |          0 |          0 |          0 |          0 |          0 |          0 |          0 |      0.003
        79                 0 |          0 |          0 |          0 |          0 |          0 |          0 |          0 |          0 |          0 |      0.003
        80                 0 |          0 |          0 |          0 |          0 |          0 |          0 |          0 |          0 |          0 |      0.005
        81                 0 |          0 |          0 |          0 |          0 |          0 |          0 |          0 |          0 |          0 |      0.003
        84                 0 |          0 |          0 |          0 |          0 |          0 |          0 |          0 |          0 |          0 |      0.045
        85                 0 |          0 |          0 |          0 |          0 |          0 |          0 |          0 |          0 |          0 |      0.016
        86                 0 |          0 |          0 |          0 |          0 |          0 |          0 |          0 |          0 |          0 |      0.019
        87                 0 |          0 |          0 |          0 |          0 |          0 |          0 |          0 |          0 |          0 |      0.005
        88                 0 |          0 |          0 |          0 |          0 |          0 |          0 |          0 |      0.126 |          0 |      0.013
        89                 0 |          0 |          0 |          0 |          0 |          0 |          0 |          0 |          0 |          0 |      0.011
        90                 0 |          0 |          0 |          0 |          0 |          0 |          0 |          0 |          0 |          0 |      0.011
        91                 0 |          0 |          0 |          0 |          0 |          0 |          0 |          0 |          0 |          0 |      0.008
        92                 0 |          0 |          0 |          0 |          0 |          0 |          0 |          0 |          0 |          0 |      0.056
        93                 0 |          0 |          0 |          0 |          0 |          0 |          0 |          0 |          0 |          0 |      0.021
        94                 0 |          0 |          0 |          0 |          0 |          0 |          0 |          0 |          0 |          0 |      0.016
        95                 0 |          0 |          0 |          0 |          0 |          0 |          0 |          0 |          0 |          0 |      0.024
        96                 0 |          0 |          0 |          0 |          0 |          0 |          0 |          0 |          0 |          0 |      0.019
        97                 0 |          0 |          0 |          0 |          0 |          0 |          0 |          0 |          0 |          0 |      0.013
        98                 0 |          0 |          0 |          0 |          0 |          0 |          0 |          0 |          0 |          0 |      0.011
        99                 0 |          0 |          0 |          0 |          0 |          0 |          0 |          0 |          0 |          0 |      0.016
       100                 0 |          0 |          0 |          0 |          0 |          0 |          0 |          0 |          0 |          0 |      0.048
       101                 0 |          0 |          0 |          0 |          0 |          0 |          0 |          0 |          0 |          0 |      0.035
       102                 0 |          0 |          0 |          0 |          0 |          0 |          0 |          0 |          0 |          0 |      0.008
       103                 0 |          0 |          0 |          0 |          0 |          0 |          0 |          0 |          0 |          0 |      0.021
       104                 0 |          0 |          0 |          0 |          0 |          0 |          0 |          0 |          0 |          0 |      0.016
       105                 0 |          0 |          0 |          0 |          0 |          0 |          0 |          0 |          0 |          0 |      0.005
       106                 0 |          0 |          0 |          0 |          0 |          0 |          0 |          0 |          0 |          0 |      0.011
       107                 0 |          0 |          0 |          0 |          0 |          0 |          0 |          0 |      0.002 |          0 |      0.011
       108                 0 |          0 |          0 |          0 |          0 |          0 |          0 |          0 |      0.123 |          0 |      0.029
       109                 0 |          0 |          0 |          0 |          0 |          0 |          0 |          0 |          0 |          0 |      0.019
       110                 0 |          0 |          0 |          0 |          0 |          0 |          0 |          0 |          0 |          0 |      0.016
       111                 0 |          0 |          0 |          0 |          0 |          0 |          0 |          0 |          0 |          0 |      0.013
       112                 0 |          0 |          0 |          0 |          0 |          0 |          0 |          0 |          0 |          0 |      0.011
       113                 0 |          0 |          0 |          0 |          0 |          0 |          0 |          0 |          0 |          0 |      0.013
       114                 0 |          0 |          0 |          0 |          0 |          0 |          0 |          0 |          0 |          0 |      0.011
       115                 0 |          0 |          0 |          0 |          0 |          0 |          0 |          0 |          0 |          0 |      0.013
       116                 0 |          0 |          0 |          0 |          0 |          0 |          0 |          0 |          0 |          0 |      0.016
       117                 0 |          0 |          0 |          0 |          0 |          0 |          0 |          0 |          0 |          0 |      0.021
       118                 0 |          0 |          0 |          0 |          0 |          0 |          0 |          0 |          0 |          0 |      0.008
       119                 0 |          0 |          0 |          0 |          0 |          0 |          0 |          0 |          0 |          0 |      0.019
       120                 0 |          0 |          0 |          0 |          0 |          0 |          0 |          0 |          0 |          0 |      0.005
       121                 0 |          0 |          0 |          0 |          0 |          0 |          0 |          0 |          0 |          0 |      0.008
       122                 0 |          0 |          0 |          0 |          0 |          0 |          0 |          0 |          0 |          0 |      0.013
       123                 0 |          0 |          0 |          0 |          0 |          0 |          0 |          0 |          0 |          0 |      0.016
       124                 0 |          0 |          0 |          0 |          0 |          0 |          0 |          0 |          0 |          0 |      0.027
       125                 0 |          0 |          0 |          0 |          0 |          0 |          0 |          0 |          0 |          0 |      0.013
       126                 0 |          0 |          0 |          0 |          0 |          0 |          0 |          0 |          0 |          0 |      0.013
       127                 0 |          0 |          0 |          0 |          0 |          0 |          0 |          0 |          0 |          0 |      0.021
       128                 0 |          0 |          0 |          0 |          0 |          0 |          0 |          0 |      0.123 |          0 |      0.016
       129                 0 |          0 |          0 |          0 |          0 |          0 |          0 |          0 |          0 |          0 |      0.016
       130                 0 |          0 |          0 |          0 |          0 |          0 |          0 |          0 |          0 |          0 |      0.005
       131                 0 |          0 |          0 |          0 |          0 |          0 |          0 |          0 |          0 |          0 |      0.016
       132                 0 |          0 |          0 |          0 |          0 |          0 |          0 |          0 |          0 |          0 |      0.021
       133                 0 |          0 |          0 |          0 |          0 |          0 |          0 |          0 |      0.123 |          0 |      0.019
       134                 0 |          0 |          0 |          0 |          0 |          0 |          0 |          0 |          0 |          0 |      0.021
       135                 0 |          0 |          0 |          0 |          0 |          0 |          0 |          0 |      0.249 |          0 |      0.016
       136                 0 |          0 |          0 |          0 |          0 |          0 |          0 |          0 |          0 |          0 |      0.013
       137                 0 |          0 |          0 |          0 |          0 |          0 |          0 |          0 |          0 |          0 |      0.013
       138                 0 |          0 |          0 |          0 |          0 |          0 |          0 |          0 |          0 |          0 |      0.019
       139                 0 |          0 |          0 |          0 |          0 |          0 |          0 |          0 |          0 |          0 |      0.019
       140                 0 |          0 |          0 |          0 |          0 |          0 |          0 |          0 |          0 |          0 |      0.016
       141                 0 |          0 |          0 |          0 |          0 |          0 |          0 |          0 |          0 |          0 |      0.029
       142                 0 |          0 |          0 |          0 |          0 |          0 |          0 |          0 |          0 |          0 |      0.024
       143                 0 |          0 |          0 |          0 |          0 |          0 |          0 |          0 |          0 |          0 |      0.027
       144                 0 |          0 |          0 |          0 |          0 |          0 |          0 |          0 |          0 |          0 |      0.005
       145                 0 |          0 |          0 |          0 |          0 |          0 |          0 |          0 |          0 |          0 |      0.013
       146                 0 |          0 |          0 |          0 |          0 |          0 |          0 |          0 |          0 |          0 |      0.013
       147                 0 |          0 |          0 |          0 |          0 |          0 |          0 |          0 |          0 |          0 |      0.008
       148                 0 |          0 |          0 |          0 |          0 |          0 |          0 |          0 |          0 |          0 |      0.016
       149                 0 |          0 |          0 |          0 |          0 |          0 |          0 |          0 |          0 |          0 |      0.019
       150                 0 |          0 |          0 |          0 |          0 |          0 |          0 |          0 |          0 |          0 |      0.035
       151                 0 |          0 |          0 |          0 |          0 |          0 |          0 |          0 |          0 |          0 |      0.021
       152                 0 |          0 |          0 |          0 |          0 |          0 |          0 |          0 |      0.123 |          0 |      0.021
       153                 0 |          0 |          0 |          0 |          0 |          0 |          0 |          0 |          0 |          0 |      0.013
       154                 0 |          0 |          0 |          0 |          0 |          0 |          0 |          0 |          0 |          0 |      0.024
       155                 0 |          0 |          0 |          0 |          0 |          0 |          0 |          0 |          0 |          0 |      0.016
       156                 0 |          0 |          0 |          0 |          0 |          0 |          0 |          0 |          0 |          0 |      0.011
       157                 0 |          0 |          0 |          0 |          0 |          0 |          0 |          0 |          0 |          0 |      0.035
       158                 0 |          0 |          0 |          0 |          0 |          0 |          0 |          0 |          0 |          0 |      0.019
       159                 0 |          0 |          0 |          0 |          0 |          0 |          0 |          0 |          0 |          0 |      0.013
       160                 0 |          0 |          0 |          0 |          0 |          0 |          0 |          0 |          0 |          0 |      0.037
       161                 0 |          0 |          0 |          0 |          0 |          0 |          0 |          0 |          0 |          0 |      0.013
       162                 0 |          0 |          0 |          0 |          0 |          0 |          0 |          0 |          0 |          0 |      0.013
       163                 0 |          0 |          0 |          0 |          0 |          0 |          0 |          0 |          0 |          0 |      0.024
       164                 0 |          0 |          0 |          0 |          0 |          0 |          0 |          0 |          0 |          0 |      0.011
       165                 0 |          0 |          0 |          0 |          0 |          0 |          0 |          0 |          0 |          0 |      0.011
       166                 0 |          0 |          0 |          0 |          0 |          0 |          0 |          0 |          0 |          0 |      0.019
       167                 0 |          0 |          0 |          0 |          0 |          0 |          0 |          0 |          0 |          0 |      0.027
       168                 0 |          0 |          0 |          0 |          0 |          0 |          0 |          0 |          0 |          0 |      0.021
       169                 0 |          0 |          0 |          0 |          0 |          0 |          0 |          0 |          0 |          0 |      0.005
       170                 0 |          0 |          0 |          0 |          0 |          0 |          0 |          0 |          0 |          0 |      0.008
       171                 0 |          0 |          0 |          0 |          0 |          0 |          0 |          0 |          0 |          0 |      0.016
       172                 0 |          0 |          0 |          0 |          0 |          0 |          0 |          0 |          0 |          0 |      0.027
       173                 0 |          0 |          0 |          0 |          0 |          0 |          0 |          0 |          0 |          0 |      0.024
       174                 0 |          0 |          0 |          0 |          0 |          0 |          0 |          0 |          0 |          0 |      0.021
       175                 0 |          0 |          0 |          0 |          0 |          0 |          0 |          0 |          0 |          0 |      0.029
       176                 0 |          0 |          0 |          0 |          0 |          0 |          0 |          0 |          0 |          0 |      0.021
       177                 0 |          0 |          0 |          0 |          0 |          0 |          0 |          0 |          0 |          0 |      0.016
       178                 0 |          0 |          0 |          0 |          0 |          0 |          0 |          0 |          0 |          0 |      0.016
       179                 0 |          0 |          0 |          0 |          0 |          0 |          0 |          0 |          0 |          0 |      0.013
       180                 0 |          0 |          0 |          0 |          0 |          0 |          0 |          0 |          0 |          0 |      0.013
       181                 0 |          0 |          0 |          0 |          0 |          0 |          0 |          0 |          0 |          0 |      0.016
       182                 0 |          0 |          0 |          0 |          0 |          0 |          0 |          0 |          0 |          0 |      0.024
       183                 0 |          0 |          0 |          0 |          0 |          0 |          0 |          0 |          0 |          0 |      0.013
       184                 0 |          0 |          0 |          0 |          0 |          0 |          0 |          0 |          0 |          0 |      0.011
       185                 0 |          0 |          0 |          0 |          0 |          0 |          0 |          0 |          0 |          0 |      0.003
       186                 0 |          0 |          0 |          0 |          0 |          0 |          0 |          0 |          0 |          0 |      0.008
       187                 0 |          0 |          0 |          0 |          0 |          0 |          0 |          0 |          0 |          0 |      0.011
       188                 0 |          0 |          0 |          0 |          0 |          0 |          0 |          0 |          0 |          0 |      0.013
       189                 0 |          0 |          0 |          0 |          0 |          0 |          0 |          0 |          0 |          0 |      0.005
       190                 0 |          0 |          0 |          0 |          0 |          0 |          0 |          0 |          0 |          0 |      0.016
       191                 0 |          0 |          0 |          0 |          0 |          0 |          0 |          0 |          0 |          0 |      0.011
       192                 0 |          0 |          0 |          0 |          0 |          0 |          0 |          0 |          0 |          0 |      0.003
       193                 0 |          0 |          0 |          0 |          0 |          0 |          0 |          0 |          0 |          0 |      0.005
       194                 0 |          0 |          0 |          0 |          0 |          0 |          0 |          0 |          0 |          0 |      0.008
       195                 0 |          0 |          0 |          0 |          0 |          0 |          0 |          0 |          0 |          0 |      0.005
       196                 0 |          0 |          0 |          0 |          0 |          0 |          0 |          0 |          0 |          0 |      0.008
       197                 0 |          0 |          0 |          0 |          0 |          0 |          0 |          0 |          0 |          0 |      0.005
       198                 0 |          0 |          0 |          0 |          0 |          0 |          0 |          0 |          0 |          0 |      0.003
       199                 0 |          0 |          0 |          0 |          0 |          0 |          0 |          0 |      0.126 |          0 |      0.003
       200                 0 |          0 |          0 |          0 |          0 |          0 |          0 |          0 |          0 |          0 |      0.005
       201                 0 |          0 |          0 |          0 |          0 |          0 |          0 |          0 |          0 |          0 |      0.003
       202                 0 |          0 |          0 |          0 |          0 |          0 |          0 |          0 |          0 |          0 |      0.003
       203                 0 |          0 |          0 |          0 |          0 |          0 |          0 |          0 |          0 |          0 |      0.005
       205                 0 |          0 |          0 |          0 |          0 |          0 |          0 |          0 |          0 |          0 |      0.005
       206                 0 |          0 |          0 |          0 |          0 |          0 |          0 |          0 |          0 |          0 |      0.003
       207                 0 |          0 |          0 |          0 |          0 |          0 |          0 |          0 |          0 |          0 |      0.003
       208                 0 |          0 |          0 |          0 |          0 |          0 |          0 |          0 |          0 |          0 |      0.008
       210                 0 |          0 |          0 |          0 |          0 |          0 |          0 |          0 |          0 |          0 |      0.003
       214                 0 |          0 |          0 |          0 |          0 |          0 |          0 |          0 |          0 |          0 |      0.003
       216                 0 |          0 |          0 |          0 |          0 |          0 |          0 |          0 |      0.123 |          0 |          0
       217                 0 |          0 |          0 |          0 |          0 |          0 |          0 |          0 |          0 |          0 |      0.003
       219                 0 |          0 |          0 |          0 |          0 |          0 |          0 |          0 |          0 |          0 |      0.003
       223                 0 |          0 |          0 |          0 |          0 |          0 |          0 |          0 |          0 |          0 |      0.003
       225                 0 |          0 |          0 |          0 |          0 |          0 |          0 |          0 |          0 |          0 |      0.003
       228                 0 |          0 |          0 |          0 |          0 |          0 |          0 |          0 |          0 |          0 |      0.005
       231                 0 |          0 |          0 |          0 |          0 |          0 |          0 |          0 |          0 |          0 |      0.003
       235                 0 |          0 |          0 |          0 |          0 |          0 |          0 |          0 |          0 |          0 |      0.003
       239                 0 |          0 |          0 |          0 |          0 |          0 |          0 |          0 |          0 |          0 |      0.003
       240                 0 |          0 |          0 |          0 |          0 |          0 |          0 |          0 |          0 |          0 |      0.003
       244                 0 |          0 |          0 |          0 |          0 |          0 |          0 |          0 |          0 |          0 |      0.003
       246                 0 |          0 |          0 |          0 |          0 |          0 |          0 |          0 |          0 |          0 |      0.005
       249                 0 |          0 |          0 |          0 |          0 |          0 |          0 |          0 |          0 |          0 |      0.003
       255                 0 |          0 |          0 |          0 |          0 |          0 |          0 |          0 |          0 |          0 |      0.003
       260                 0 |          0 |          0 |          0 |          0 |          0 |          0 |          0 |          0 |          0 |      0.003
       326                 0 |          0 |          0 |          0 |          0 |          0 |          0 |          0 |      0.123 |          0 |          0
  probe7 high: idle-base-1 | loaded-base-1 | loaded-base-2 | loaded-base-3 | loaded-engine-fetch-1 | idle-host-fetch-1 | loaded-host-fetch-1 | idle-timer-engine-1 | loaded-timer-engine-1 | idle-timer-host-1 | loaded-timer-host-1
         5                 3 |          3 |          3 |          3 |          3 |          0 |          0 |          3 |      2.877 |          3 |      1.481
         6                 0 |          0 |          0 |          0 |          0 |          0 |          0 |          0 |          0 |          0 |      0.005
        10                 0 |          0 |          0 |          0 |          0 |          0 |          0 |          0 |          0 |          0 |      0.138
        11                 0 |          0 |          0 |          0 |          0 |          0 |          0 |          0 |          0 |          0 |      0.011
        12                 0 |          0 |          0 |          0 |          0 |          0 |          0 |          0 |          0 |          0 |      0.021
        13                 0 |          0 |          0 |          0 |          0 |          0 |          0 |          0 |          0 |          0 |      0.170
        14                 5 |          5 |          5 |          5 |          5 |          0 |          0 |          5 |          5 |          5 |      5.085
        15                 1 |          1 |          1 |          1 |          1 |          0 |          0 |          1 |          1 |          1 |      1.024
        16                 0 |          0 |          0 |          0 |          0 |          0 |          0 |          0 |          0 |          0 |      0.035
        18                 0 |          0 |          0 |          0 |          0 |          0 |          0 |          0 |          0 |          0 |      0.114
        19                 0 |          0 |          0 |          0 |          0 |          0 |          0 |          0 |          0 |          0 |      0.141
        20                 0 |          0 |          0 |          0 |          0 |          0 |          0 |          0 |          0 |          0 |      0.122
        21                 0 |          0 |          0 |          0 |          0 |          0 |          0 |          0 |          0 |          0 |      0.317
        22                 0 |          0 |          0 |          0 |          0 |          0 |          0 |          0 |          0 |          0 |      0.016
        23                 0 |          0 |          0 |          0 |          0 |          0 |          0 |          0 |          0 |          0 |      0.003
        26                 0 |          0 |          0 |          0 |          0 |          0 |          0 |          0 |          0 |          0 |      0.125
        27                 0 |          0 |          0 |          0 |          0 |          0 |          0 |          0 |          0 |          0 |      0.061
        28                 1 |          1 |          1 |          1 |          1 |          0 |          0 |          1 |          1 |          1 |      1.043
        29                 0 |          0 |          0 |          0 |          0 |          0 |          0 |          0 |          0 |          0 |      0.088
        67                 0 |          0 |          0 |          0 |          0 |          0 |          0 |          0 |      0.123 |          0 |          0
  probe7 low: idle-base-1 | loaded-base-1 | loaded-base-2 | loaded-base-3 | loaded-engine-fetch-1 | idle-host-fetch-1 | loaded-host-fetch-1 | idle-timer-engine-1 | loaded-timer-engine-1 | idle-timer-host-1 | loaded-timer-host-1
         8                 2 |          2 |          2 |          2 |          2 |          0 |          0 |          2 |          2 |          2 |      0.622
        10                 1 |          1 |          1 |          1 |          1 |          0 |          0 |          1 |      0.874 |          1 |      0.317
        12                 0 |          0 |          0 |          0 |          0 |          0 |          0 |          0 |          0 |          0 |      0.003
        14                 4 |          4 |          4 |          4 |          4 |          0 |          0 |          4 |          4 |          4 |      4.101
        15                 0 |          0 |          0 |          0 |          0 |          0 |          0 |          0 |          0 |          0 |      0.008
        16                 0 |          0 |          0 |          0 |          0 |          0 |          0 |          0 |          0 |          0 |      0.112
        17                 0 |          0 |          0 |          0 |          0 |          0 |          0 |          0 |          0 |          0 |      0.024
        18                 0 |          0 |          0 |          0 |          0 |          0 |          0 |          0 |          0 |          0 |      0.048
        19                 0 |          0 |          0 |          0 |          0 |          0 |          0 |          0 |          0 |          0 |      0.045
        20                 0 |          0 |          0 |          0 |          0 |          0 |          0 |          0 |          0 |          0 |      0.005
        21                 0 |          0 |          0 |          0 |          0 |          0 |          0 |          0 |          0 |          0 |      0.021
        22                 0 |          0 |          0 |          0 |          0 |          0 |          0 |          0 |          0 |          0 |      0.082
        23                 0 |          0 |          0 |          0 |          0 |          0 |          0 |          0 |          0 |          0 |      0.114
        24                 0 |          0 |          0 |          0 |          0 |          0 |          0 |          0 |          0 |          0 |      0.425
        25                 0 |          0 |          0 |          0 |          0 |          0 |          0 |          0 |          0 |          0 |      0.101
        26                 0 |          0 |          0 |          0 |          0 |          0 |          0 |          0 |          0 |          0 |      0.250
        27                 0 |          0 |          0 |          0 |          0 |          0 |          0 |          0 |          0 |          0 |      0.051
        28                 2 |          2 |          2 |          2 |          2 |          0 |          0 |          2 |          2 |          2 |      2.021
        29                 0 |          0 |          0 |          0 |          0 |          0 |          0 |          0 |          0 |          0 |      0.021
        30                 0 |          0 |          0 |          0 |          0 |          0 |          0 |          0 |          0 |          0 |      0.053
        31                 0 |          0 |          0 |          0 |          0 |          0 |          0 |          0 |          0 |          0 |      0.056
        32                 0 |          0 |          0 |          0 |          0 |          0 |          0 |          0 |          0 |          0 |      0.114
        33                 0 |          0 |          0 |          0 |          0 |          0 |          0 |          0 |          0 |          0 |      0.045
        34                 0 |          0 |          0 |          0 |          0 |          0 |          0 |          0 |          0 |          0 |      0.061
        35                 0 |          0 |          0 |          0 |          0 |          0 |          0 |          0 |          0 |          0 |      0.027
        36                 0 |          0 |          0 |          0 |          0 |          0 |          0 |          0 |          0 |          0 |      0.011
        37                 0 |          0 |          0 |          0 |          1 |          0 |          0 |          0 |          0 |          0 |      0.003
        38                 0 |          0 |          0 |          0 |          0 |          0 |          0 |          0 |          0 |          0 |      0.051
        39                 0 |          0 |          0 |          0 |          0 |          0 |          0 |          0 |          0 |          0 |      0.016
        40                 0 |          0 |          0 |          0 |          0 |          0 |          0 |          0 |          0 |          0 |      0.024
        41                 0 |          0 |          0 |          0 |          0 |          0 |          0 |          0 |          0 |          0 |      0.019
        42                 0 |          0 |          0 |          0 |          0 |          0 |          0 |          0 |          0 |          0 |      0.037
        43                 0 |          0 |          0 |          0 |          0 |          0 |          0 |          0 |          0 |          0 |      0.003
        46                 0 |          0 |          0 |          0 |          0 |          0 |          0 |          0 |          0 |          0 |      0.032
        47                 0 |          0 |          0 |          0 |          0 |          0 |          0 |          0 |          0 |          0 |      0.021
        48                 0 |          0 |          0 |          0 |          0 |          0 |          0 |          0 |          0 |          0 |      0.021
        49                 0 |          0 |          0 |          0 |          0 |          0 |          0 |          0 |          0 |          0 |      0.013
        50                 0 |          0 |          0 |          0 |          0 |          0 |          0 |          0 |          0 |          0 |      0.021
        69                 0 |          0 |          0 |          0 |          1 |          0 |          0 |          0 |          0 |          0 |          0
        74                 0 |          0 |          0 |          0 |          0 |          0 |          0 |          0 |      0.002 |          0 |          0
        78                 1 |          1 |          1 |          1 |          0 |          0 |          0 |          1 |      0.126 |          1 |          0
       105                 0 |          0 |          0 |          0 |          0 |          0 |          0 |          0 |      0.002 |          0 |          0
       122                 0 |          0 |          0 |          0 |          0 |          0 |          0 |          0 |      0.126 |          0 |          0
       139                 0 |          0 |          0 |          0 |          0 |          0 |          0 |          0 |      0.002 |          0 |      0.005
       142                 0 |          0 |          0 |          0 |          0 |          0 |          0 |          0 |      0.247 |          0 |      0.005
       143                 0 |          0 |          0 |          0 |          0 |          0 |          0 |          0 |          0 |          0 |      0.003
       145                 0 |          0 |          0 |          0 |          0 |          0 |          0 |          0 |      0.123 |          0 |          0
       146                 0 |          0 |          0 |          0 |          0 |          0 |          0 |          0 |          0 |          0 |      0.003
       148                 0 |          0 |          0 |          0 |          0 |          0 |          0 |          0 |          0 |          0 |      0.003
       150                 0 |          0 |          0 |          0 |          0 |          0 |          0 |          0 |          0 |          0 |      0.003
       151                 0 |          0 |          0 |          0 |          0 |          0 |          0 |          0 |          0 |          0 |      0.005
       153                 0 |          0 |          0 |          0 |          0 |          0 |          0 |          0 |          0 |          0 |      0.005
       156                 0 |          0 |          0 |          0 |          0 |          0 |          0 |          0 |          0 |          0 |      0.003
       158                 0 |          0 |          0 |          0 |          0 |          0 |          0 |          0 |          0 |          0 |      0.003
       159                 0 |          0 |          0 |          0 |          0 |          0 |          0 |          0 |          0 |          0 |      0.011
       160                 0 |          0 |          0 |          0 |          0 |          0 |          0 |          0 |          0 |          0 |      0.008
       164                 0 |          0 |          0 |          0 |          0 |          0 |          0 |          0 |          0 |          0 |      0.005
       165                 0 |          0 |          0 |          0 |          0 |          0 |          0 |          0 |          0 |          0 |      0.005
       166                 0 |          0 |          0 |          0 |          0 |          0 |          0 |          0 |          0 |          0 |      0.005
       167                 0 |          0 |          0 |          0 |          0 |          0 |          0 |          0 |          0 |          0 |      0.013
       168                 0 |          0 |          0 |          0 |          0 |          0 |          0 |          0 |          0 |          0 |      0.008
       169                 0 |          0 |          0 |          0 |          0 |          0 |          0 |          0 |          0 |          0 |      0.008
       170                 0 |          0 |          0 |          0 |          0 |          0 |          0 |          0 |          0 |          0 |      0.005
       171                 0 |          0 |          0 |          0 |          0 |          0 |          0 |          0 |          0 |          0 |      0.011
       172                 0 |          0 |          0 |          0 |          0 |          0 |          0 |          0 |          0 |          0 |      0.003
       173                 0 |          0 |          0 |          0 |          0 |          0 |          0 |          0 |          0 |          0 |      0.005
       174                 0 |          0 |          0 |          0 |          0 |          0 |          0 |          0 |          0 |          0 |      0.032
       175                 0 |          0 |          0 |          0 |          0 |          0 |          0 |          0 |          0 |          0 |      0.011
       176                 0 |          0 |          0 |          0 |          0 |          0 |          0 |          0 |          0 |          0 |      0.003
       177                 0 |          0 |          0 |          0 |          0 |          0 |          0 |          0 |          0 |          0 |      0.008
       178                 0 |          0 |          0 |          0 |          0 |          0 |          0 |          0 |          0 |          0 |      0.005
       179                 0 |          0 |          0 |          0 |          0 |          0 |          0 |          0 |          0 |          0 |      0.003
       180                 0 |          0 |          0 |          0 |          0 |          0 |          0 |          0 |          0 |          0 |      0.011
       181                 0 |          0 |          0 |          0 |          0 |          0 |          0 |          0 |          0 |          0 |      0.008
       182                 0 |          0 |          0 |          0 |          0 |          0 |          0 |          0 |          0 |          0 |      0.021
       183                 0 |          0 |          0 |          0 |          0 |          0 |          0 |          0 |          0 |          0 |      0.013
       184                 0 |          0 |          0 |          0 |          0 |          0 |          0 |          0 |          0 |          0 |      0.016
       185                 0 |          0 |          0 |          0 |          0 |          0 |          0 |          0 |          0 |          0 |      0.016
       186                 0 |          0 |          0 |          0 |          0 |          0 |          0 |          0 |      0.123 |          0 |      0.013
       187                 0 |          0 |          0 |          0 |          0 |          0 |          0 |          0 |          0 |          0 |      0.005
       188                 0 |          0 |          0 |          0 |          0 |          0 |          0 |          0 |          0 |          0 |      0.019
       189                 0 |          0 |          0 |          0 |          0 |          0 |          0 |          0 |          0 |          0 |      0.008
       190                 0 |          0 |          0 |          0 |          0 |          0 |          0 |          0 |          0 |          0 |      0.003
       191                 0 |          0 |          0 |          0 |          0 |          0 |          0 |          0 |          0 |          0 |      0.008
       192                 0 |          0 |          0 |          0 |          0 |          0 |          0 |          0 |          0 |          0 |      0.019
       193                 0 |          0 |          0 |          0 |          0 |          0 |          0 |          0 |          0 |          0 |      0.016
       194                 0 |          0 |          0 |          0 |          0 |          0 |          0 |          0 |          0 |          0 |      0.013
       195                 0 |          0 |          0 |          0 |          0 |          0 |          0 |          0 |          0 |          0 |      0.013
       196                 0 |          0 |          0 |          0 |          0 |          0 |          0 |          0 |          0 |          0 |      0.024
       197                 0 |          0 |          0 |          0 |          0 |          0 |          0 |          0 |          0 |          0 |      0.005
       198                 0 |          0 |          0 |          0 |          0 |          0 |          0 |          0 |          0 |          0 |      0.032
       199                 0 |          0 |          0 |          0 |          0 |          0 |          0 |          0 |          0 |          0 |      0.013
       200                 0 |          0 |          0 |          0 |          0 |          0 |          0 |          0 |          0 |          0 |      0.019
       201                 0 |          0 |          0 |          0 |          0 |          0 |          0 |          0 |          0 |          0 |      0.019
       202                 0 |          0 |          0 |          0 |          0 |          0 |          0 |          0 |          0 |          0 |      0.016
       203                 0 |          0 |          0 |          0 |          0 |          0 |          0 |          0 |          0 |          0 |      0.016
       204                 0 |          0 |          0 |          0 |          0 |          0 |          0 |          0 |          0 |          0 |      0.013
       205                 0 |          0 |          0 |          0 |          0 |          0 |          0 |          0 |          0 |          0 |      0.011
       206                 0 |          0 |          0 |          0 |          0 |          0 |          0 |          0 |          0 |          0 |      0.011
       207                 0 |          0 |          0 |          0 |          0 |          0 |          0 |          0 |          0 |          0 |      0.005
       208                 0 |          0 |          0 |          0 |          0 |          0 |          0 |          0 |          0 |          0 |      0.019
       209                 0 |          0 |          0 |          0 |          0 |          0 |          0 |          0 |          0 |          0 |      0.027
       210                 0 |          0 |          0 |          0 |          0 |          0 |          0 |          0 |          0 |          0 |      0.005
       211                 0 |          0 |          0 |          0 |          0 |          0 |          0 |          0 |          0 |          0 |      0.011
       212                 0 |          0 |          0 |          0 |          0 |          0 |          0 |          0 |          0 |          0 |      0.011
       213                 0 |          0 |          0 |          0 |          0 |          0 |          0 |          0 |          0 |          0 |      0.016
       214                 0 |          0 |          0 |          0 |          0 |          0 |          0 |          0 |          0 |          0 |      0.016
       215                 0 |          0 |          0 |          0 |          0 |          0 |          0 |          0 |          0 |          0 |      0.008
       216                 0 |          0 |          0 |          0 |          0 |          0 |          0 |          0 |          0 |          0 |      0.019
       217                 0 |          0 |          0 |          0 |          0 |          0 |          0 |          0 |          0 |          0 |      0.008
       218                 0 |          0 |          0 |          0 |          0 |          0 |          0 |          0 |          0 |          0 |      0.013
       219                 0 |          0 |          0 |          0 |          0 |          0 |          0 |          0 |          0 |          0 |      0.003
       220                 0 |          0 |          0 |          0 |          0 |          0 |          0 |          0 |          0 |          0 |      0.005
       221                 0 |          0 |          0 |          0 |          0 |          0 |          0 |          0 |          0 |          0 |      0.008
       222                 0 |          0 |          0 |          0 |          0 |          0 |          0 |          0 |          0 |          0 |      0.013
       223                 0 |          0 |          0 |          0 |          0 |          0 |          0 |          0 |          0 |          0 |      0.013
       224                 0 |          0 |          0 |          0 |          0 |          0 |          0 |          0 |          0 |          0 |      0.013
       225                 0 |          0 |          0 |          0 |          0 |          0 |          0 |          0 |          0 |          0 |      0.008
       226                 0 |          0 |          0 |          0 |          0 |          0 |          0 |          0 |          0 |          0 |      0.008
       227                 0 |          0 |          0 |          0 |          0 |          0 |          0 |          0 |          0 |          0 |      0.013
       228                 0 |          0 |          0 |          0 |          0 |          0 |          0 |          0 |          0 |          0 |      0.011
       229                 0 |          0 |          0 |          0 |          0 |          0 |          0 |          0 |          0 |          0 |      0.003
       230                 0 |          0 |          0 |          0 |          0 |          0 |          0 |          0 |          0 |          0 |      0.008
       231                 0 |          0 |          0 |          0 |          0 |          0 |          0 |          0 |          0 |          0 |      0.016
       232                 0 |          0 |          0 |          0 |          0 |          0 |          0 |          0 |          0 |          0 |      0.008
       233                 0 |          0 |          0 |          0 |          0 |          0 |          0 |          0 |          0 |          0 |      0.011
       234                 0 |          0 |          0 |          0 |          0 |          0 |          0 |          0 |          0 |          0 |      0.005
       235                 0 |          0 |          0 |          0 |          0 |          0 |          0 |          0 |          0 |          0 |      0.003
       236                 0 |          0 |          0 |          0 |          0 |          0 |          0 |          0 |          0 |          0 |      0.008
       237                 0 |          0 |          0 |          0 |          0 |          0 |          0 |          0 |          0 |          0 |      0.003
       239                 0 |          0 |          0 |          0 |          0 |          0 |          0 |          0 |          0 |          0 |      0.008
       240                 0 |          0 |          0 |          0 |          0 |          0 |          0 |          0 |          0 |          0 |      0.003
       241                 0 |          0 |          0 |          0 |          0 |          0 |          0 |          0 |          0 |          0 |      0.008
       243                 0 |          0 |          0 |          0 |          0 |          0 |          0 |          0 |          0 |          0 |      0.003
       246                 0 |          0 |          0 |          0 |          0 |          0 |          0 |          0 |          0 |          0 |      0.003
       247                 0 |          0 |          0 |          0 |          0 |          0 |          0 |          0 |          0 |          0 |      0.005
       250                 0 |          0 |          0 |          0 |          0 |          0 |          0 |          0 |          0 |          0 |      0.005
       251                 0 |          0 |          0 |          0 |          0 |          0 |          0 |          0 |          0 |          0 |      0.003
       252                 0 |          0 |          0 |          0 |          0 |          0 |          0 |          0 |          0 |          0 |      0.003
       253                 0 |          0 |          0 |          0 |          0 |          0 |          0 |          0 |          0 |          0 |      0.003
       255                 0 |          0 |          0 |          0 |          0 |          0 |          0 |          0 |          0 |          0 |      0.011
       256                 0 |          0 |          0 |          0 |          0 |          0 |          0 |          0 |          0 |          0 |      0.008
       257                 0 |          0 |          0 |          0 |          0 |          0 |          0 |          0 |          0 |          0 |      0.003
       258                 0 |          0 |          0 |          0 |          0 |          0 |          0 |          0 |          0 |          0 |      0.003
       259                 0 |          0 |          0 |          0 |          0 |          0 |          0 |          0 |          0 |          0 |      0.005
       261                 0 |          0 |          0 |          0 |          0 |          0 |          0 |          0 |          0 |          0 |      0.003
       263                 0 |          0 |          0 |          0 |          0 |          0 |          0 |          0 |          0 |          0 |      0.003
       264                 0 |          0 |          0 |          0 |          0 |          0 |          0 |          0 |          0 |          0 |      0.003
       265                 0 |          0 |          0 |          0 |          0 |          0 |          0 |          0 |      0.123 |          0 |      0.005
       266                 0 |          0 |          0 |          0 |          0 |          0 |          0 |          0 |          0 |          0 |      0.003
       268                 0 |          0 |          0 |          0 |          0 |          0 |          0 |          0 |          0 |          0 |      0.003
       269                 0 |          0 |          0 |          0 |          0 |          0 |          0 |          0 |      0.002 |          0 |      0.003
       270                 0 |          0 |          0 |          0 |          0 |          0 |          0 |          0 |          0 |          0 |      0.003
       271                 0 |          0 |          0 |          0 |          0 |          0 |          0 |          0 |          0 |          0 |      0.003
       273                 0 |          0 |          0 |          0 |          0 |          0 |          0 |          0 |          0 |          0 |      0.003
       283                 0 |          0 |          0 |          0 |          0 |          0 |          0 |          0 |          0 |          0 |      0.003
       286                 0 |          0 |          0 |          0 |          0 |          0 |          0 |          0 |          0 |          0 |      0.005
       288                 0 |          0 |          0 |          0 |          0 |          0 |          0 |          0 |          0 |          0 |      0.003
       290                 0 |          0 |          0 |          0 |          0 |          0 |          0 |          0 |      0.123 |          0 |          0
       293                 0 |          0 |          0 |          0 |          0 |          0 |          0 |          0 |          0 |          0 |      0.003
       305                 0 |          0 |          0 |          0 |          0 |          0 |          0 |          0 |          0 |          0 |      0.003
       314                 0 |          0 |          0 |          0 |          0 |          0 |          0 |          0 |      0.123 |          0 |          0

   idle-base-1: expected same, got same: OK
 loaded-base-1: expected same, got same: OK
 loaded-base-2: expected same, got same: OK
 loaded-base-3: expected same, got same: OK
loaded-engine-fetch-1: expected different, got different: OK
idle-host-fetch-1: expected different, got different: OK
loaded-host-fetch-1: expected different, got different: OK
idle-timer-engine-1: expected same, got same: OK
loaded-timer-engine-1: expected different, got different: OK
idle-timer-host-1: expected same, got same: OK
loaded-timer-host-1: expected different, got different: OK
COMPARE PASS
